global param, scale
param =  [-0.6768227608857373, 1.7124602139640444, -0.4145387993523506, 1.0308199290619406, 0.8251772031944633, 2.259238033816313, 0.8683442185638792, 2.1995944044468083, -0.22134037064478018, 1.1187655037723188, 0.2951939670980205, 2.383229511167302]
scale =  [7.82962, 0.370996, 0.471914, 0.999268, 107.556, 0.559006]

