global param, scale
param =  [-0.9315649753431489, 2.7134787802897513, -0.3360083058114748, 1.6179536589422001, 0.08791544035933557, 1.6047130012543578, 0.5938592200801776, 2.604192328033767, -0.14866883016345306, 1.156069749360524, -0.0945855888867389, 2.4256300002196975]
scale =  [8.02693, 0.295915, 0.433196, 0.998939, 152.333, 0.711111]
score =  -0.800486896385

