global param, scale
param =  [-0.10017619454816612, 2.7462838021632363, -0.14298755826792564, 1.073936534949078, 0.3394242393982726, 1.9080868584718869, 0.8199515759232318, 2.174599659430785, -0.03037476932807004, 2.639359863448241, -0.046031067028071804, 1.9636971102460974]
scale =  [8.92794, 0.310535, 0.465666, 0.999342, 97.7143, 0.515924]
score =  -0.722907648596

